2 82
6 148000
8 156900
10 161700
12 161600
25 371
34 128
36 215
39 12
40 13
41 41
42 65
43 121
44 190
45 17
46 9
47 23
48 23
50 19
52 2
53 23
54 35
56 41
58 61
60 48
62 116
64 60
66 262
68 211
70 770
72 530
78 124
91 427
93 101
95 775
97 682
99 5321
101 3166
103 5617
105 3979
107 1629
109 6737
111 7417
113 1163
115 839
117 658
119 335
121 533
123 361
125 217
127 300
129 360
131 450
133 227
135 144
137 90
139 3447
141 2009
143 851
145 1569
147 924
149 396
151 690
153 470
155 250
157 2831
159 1848
161 1454
163 549
165 318
167 133
169 5402
171 3874
173 1714
175 2013
177 1172
179 656
181 2305
183 1458
185 755
187 35
189 3751
191 2574
193 1296
195 88
197 124
199 217
201 54
203 525
205 549
207 5322
209 2768
211 5105
213 3576
215 592
217 6211
219 13900
221 235
223 156
225 1022
227 39
229 7
231 463
233 425
235 2398
237 2293
239 4717
241 6042
243 865
245 1321
247 2726
249 158
251 53
253 590
255 451
257 5112
259 2436
261 5182
263 3183
265 421
267 5432
269 15180
288 46
292 1
299 436
301 170
303 80
305 139
307 94
309 156
311 291
313 7
314 11
315 32
317 18
319 46
321 28
325 52
327 34
329 82
331 52
333 64
335 39
339 45
341 31
345 27
347 41
349 41
351 62
353 19
355 38
359 101
361 162
363 166
365 273
371 187
373 348
377 148
379 234
383 421
385 625
389 670
391 958
395 1388
397 1797
401 394
403 321
405 909
407 114
409 84
411 437
413 5735
426 74
428 28
434 80
436 119
438 86
440 183
442 272
444 427
454 257
447 684
449 1460
451 2540
453 325
464 904
526 100
528 203
530 219
532 250
534 2684
536 2747
538 193
540 351
542 88
544 589
550 44
554 25
555 25
556 10
557 25
558 20
559 30
560 357
561 278
562 148
563 259
564 135
565 412
566 287
567 390
569 1818
571 1269
573 1335
575 1671
577 2190
579 551
581 1771
583 5000
590 140
592 67
596 1
598 277
600 552
626 838
628 551
630 561
632 601
634 376
636 811
638 910
640 1290
642 1634
644 1127
646 245
648 354
650 429
652 713
654 388
656 473
658 580
660 782
662 933
664 652
683 582
685 283
686 726
687 53
688 337
697 3884
753 5
800 4
801 12
802 40
803 106
804 85
805 220
806 37
807 35
808 37
809 53
810 82
811 111
812 65
813 61
814 70
815 79
816 64
817 101
819 39
820 27
821 64
822 95
823 218
824 322
825 3
826 2
827 18
828 26
829 39
830 198
831 18
832 19
833 32
834 44
835 87
836 235
837 149
839 110
841 87
843 124
845 149
847 285
849 227
851 246
853 186
855 393
857 331
859 846
861 663
863 48
864 46
865 95
866 147
867 329
868 1003
869 76
870 66
871 71
872 110
873 180
874 68
875 449
876 1998
877 10
878 20
879 9
880 56
881 39
882 17
883 26
884 20
885 40
886 41
887 56
888 45
889 71
890 119
891 120
892 218
893 267
942 308
946 63
948 317
950 26
952 200
954 95
958 72
960 342
962 1000003
964 1083
970 173
973 418
975 246
981 151500
983 370
985 13200
987 12900
989 43000
991 1641
993 175000
995 1
1005 31
1007 2780
1009 34
1011 304
1013 119
1015 16
1017 1940
1019 90
1021 2740
1023 2190
1025 3845
1027 3820
1029 2260
1031 223
1033 3989
1035 1614
1038 0
1040 0
1042 0
1044 0
1046 0
1048 0
1050 0
1053 0
1055 0
1057 0
1059 110
1061 78
1063 9
1065 1459
1067 68
1069 485
1071 1424
1073 2849
1075 22
1077 3969
1079 18300
1081 90
1083 485
1085 1449
1087 71
1089 2105
1091 2195
1093 18300
1095 4
1097 383
1099 2293
1101 118
1103 21
1105 336
1107 1663
1109 1059
1111 2759
1113 12000
1115 211
1117 15
1119 1088
1121 2978
1123 9821
1125 4433
1127 21200
1129 36
1131 26
1133 454
1135 4677
1137 5
1139 15
1141 79
1143 340
1145 1033
1147 7400
1149 32320
1151 276
1153 115
1155 5
1157 226
1159 748
1161 1991
1163 16000
1165 742
1167 5
1169 48
1171 176
1173 3
1175 17
1177 235
1179 592
1181 810
1183 2182
1185 12900
1187 115600
1189 4
1191 74
1193 392
1195 3806
1197 1202
1199 3204
1201 15200
1203 35
1205 13
1207 92
1209 95
1211 360
1213 3701
1215 18000
1217 82
1219 78
1221 89
1223 108
1225 164
1227 415
1229 4712
1231 17100
1233 167
1237 229
1239 151
1241 94
1243 375
1245 1118
1247 6600
1249 38500
1251 375
1253 216
1255 161
1257 378
1259 1123
1261 12400
1263 39100
1265 15
1267 388
1269 1195
1271 1805
1273 703
1275 19200
1277 2
1279 10
1281 90
1283 221
1285 385
1287 1131
1289 8500
1291 5
1293 20
1295 183
1297 447
1299 651
1301 1800
1303 13100
1305 62300
1307 15
1309 59
1311 470
1313 1042
1315 1418
1317 3748
1319 21600
1321 5
1323 19
1325 136
1327 2859
1329 503
1331 1579
1333 11200
1335 21
1337 5
1339 349
1341 644
1343 1163
1345 3089
1347 15900
1349 59
1351 5
1353 280
1355 450
1357 763
1359 5615
1361 1155
1363 15
1365 264
1367 677
1369 890
1371 2450
1373 15000
1375 3
1377 81600
1379 10
1381 820
1383 1089
1385 1137
1387 1181
1389 58
1391 8282
1393 9174
1395 9169
1397 9146
1399 9187
1401 25500
1403 25700
1405 25600
1407 25300
1420 5
1422 2
1424 36
1426 2463
1428 233
1430 746
1432 5517
1434 32700
1436 19
1438 1000
1440 2500
1442 2500
1444 2500
1446 5000
1448 1000
1450 50000
1452 10000
1454 3672
1456 30000
1458 20000
1460 7840
1462 12000
1464 8
1470 104
1472 102
1474 250
1476 327
1478 3090
1487 3705
1511 55
1513 807
1515 395
1517 135
1519 104
1521 86
1523 731
1539 31
1540 1237
1550 19
1580 467
1592 153
1594 87
1595 143
1597 147
1599 78
1601 9201
1603 1412
1605 1122
1607 368
1609 74
1611 81
1613 110
1615 22000
1617 11700
1619 2629
1621 1727
1623 701
1625 157
1627 153
1629 139
1631 30000
1635 281
1637 546
1639 1455
1641 2221
1643 4875
1645 56600
1654 404
1656 570
1658 768
1660 1247
1662 6295
1664 25300
1673 176
1675 479
1677 716
1679 1220
1681 3444
1683 18700
1692 135
1694 443
1696 687
1698 1200
1700 2109
1702 17657
1704 6010
1706 24184
1708 28640
1710 32184
1712 36290
1714 153
1716 36
1718 115
1720 251
1722 38
1724 45
1725 1154
1727 904
1729 702
1731 2112
1733 1
1734 5
1735 35
1737 77
1739 210
1741 259
1743 263
1745 2355
1747 1902
1749 1478
1751 878
1753 376
1755 35
1759 40
1761 38
1763 374
1765 77
1767 379
1769 570
1771 370
1773 113
1775 425
1777 137
1779 55
1781 478
1783 282
1785 72
1787 110
1789 180
1791 128
1793 33
1794 166
1796 154
1800 213
1804 62
1806 125
1823 332
1831 0136
1833 36
1835 32
1837 651
1843 287
1859 724
1861 714
1863 94
1865 31
1869 79
1871 80
1873 335
1875 30
1877 330
1879 331
1881 393
1883 1946
1885 524
1887 54
1889 579
1891 85
1893 63
1895 35
1897 412
1899 220
1901 38
1905 2738
1909 5762
1911 8123
1915 17
1917 101
1919 59
1921 79
1925 27
1927 41
1929 69
1931 1
1933 241
1935 112
1937 275
1939 158
1940 385
1941 50
1942 29
1944 23
1947 3
1949 173
1951 54
1953 429
1955 331
1957 40
1959 17630
1961 75400
1963 256
1965 17
1969 81
1971 131
1975 1650
1978 6
1980 1
1982 163
1985 84
1987 661
1989 10
1993 38
1997 254
1999 403
2001 353
2003 310
2007 213
2009 1444
2011 449
2015 93
2017 101
2019 135
2021 95
2028 32
2030 17
2032 34
2034 53
2036 38
2038 30
2040 27
2048 283
2054 599
2064 4861
2074 245
2080 538
2084 1676
2092 367
2102 30
2104 34
2106 21
2108 425
2110 40
2112 416
2114 60
2116 68
2118 24
2120 18
2122 13
2124 13
2126 53
2128 158
2130 52
2132 161
2134 229
2136 143
2138 315
2150 488
2152 2784
2162 14
2169 123
2171 2
2185 3762
2187 1043
2191 366
2195 395
2202 160
2205 220
2209 593
2213 101
2217 1264
2219 129
2221 129
2223 136
2225 128
2227 129
2229 699
2231 662
2233 221
2235 222
2237 76
2239 85
2241 65
2243 43
2253 173
2255 258
2259 227
2277 276
2281 222
2283 397
2285 625
2287 973
2289 981
2291 489
2293 307
2295 480
2297 1122
2299 205
2301 1061
2303 405
2307 52
2309 55
2313 163
2315 834
2317 693
2319 886
2321 805
2323 211
2325 213
2327 393
2331 193
2333 173
2335 135
2337 116
2341 490
2343 1257
2347 24
2349 317
2351 435
2353 657
2355 324
2357 540
2359 1429
2361 2279
2363 4480
2366 38900
2368 117405
2370 169
2391 229
2415 23782
2416 24832
2417 22468
2428 682
2430 600
2432 310
2434 4921
2436 2692
2438 900
2440 4491
2442 784
2444 5283
2446 2759
2448 3260
2450 6480
2452 4500
2454 3500
2456 2500
2458 1000
2460 629
2462 708
2464 584
2466 498
2468 531
2470 502
2472 695
2474 13300
2476 2863
2481 5876
2483 8601
2485 5224
2487 1714
2489 2161
2491 4348
2493 2497
2495 4388
2497 5928
2499 5493
2501 6970
2503 8031
2505 2568
2513 682387
2532 336
2533 304
2534 295
2535 293
2536 69
2520 1000
2522 1000
2524 1000
2526 1000
2537 281
2538 70
2539 84
2540 286
2541 367
2550 5000
2552 1705
2566 648
2568 1123
2570 6213
2572 16300
2574 150
2575 150
2576 150
2577 217000
2579 180
2581 480000
2583 79200
2585 57900
2595 360100
2597 345700
2599 72400
2601 24300
2603 41500
2605 70200
2607 293600
2609 68400
2611 138300
2613 232200
2615 485800
2617 217300
2619 510200
2621 391600
2623 204300
2625 103100
2627 293600
2629 184700
2631 111300
2633 100000
2635 100000
2637 200000
2639 100000
2641 100000
2643 200000
2645 54600
2647 28900
2651 8273
2653 862020
2655 494040
2657 617000
2659 587060
2661 827000
2663 406050
2665 610340
2667 506020
2669 827050
2671 440340
2673 610050
2675 594010
2859 228
2861 24
2862 48
2864 50
2865 113
2866 29
2876 1833
2878 94
2890 1250
2894 127
2896 850
2898 637
2900 1061
2902 316
2904 1795
2906 958
2908 836
2910 2224
2912 678
2914 1456
2916 902
2918 830
2920 886
2922 1333
2924 912
2926 553
2928 794
2930 967
2932 494
2934 1279
2936 883
2942 1289
2945 162
2955 26
2961 40
2970 1511
2972 365
2974 749
2976 225
2989 273
2997 1500
2998 5155
3000 28120
3002 5473
3004 14200
3008 230
3010 140
3012 90
3014 50
3016 6288
3018 5293
3020 2203
3022 1021
3024 11800
3026 9400
3028 7473
3030 3960
3032 990
3034 860
3036 720
3038 570
3040 7672
3042 8303
3044 4521
3046 2209
3049 5068
3051 34800
3053 10100
3054 26800
3057 51289
3058 14529
3059 9273
3060 5420
3061 6080
3093 694
3094 725
3095 585
3096 34
3097 23
3105 1477
3122 34300
3123 1012
3125 845
3138 7948
3140 682387
3142 1829
3144 1139
3157 185
3162 21
3182 2838
3183 405
3188 222
3190 321
3192 95
3194 597
3196 3124
3198 4065
3200 4774
3202 79700
3204 199600
3211 153
3216 160
3226 393
3228 40
3239 43
3325 695
3327 72
3329 515
3331 79
3333 76
3335 70
3337 79
3339 1010
3341 75
3343 338
3345 149
3347 595
3349 153
3351 282
3353 188
3355 148
3357 930
3359 148
3361 1912
3363 584
3365 950
3367 809
3369 1409
3371 196
3373 805
3377 16
3379 476
3381 305
3385 10200
3387 70600
3389 56600
3391 2889
3393 11000
3396 27
3398 272
3400 265
3402 1601
3404 3904
3406 96
3420 142
3422 306
3424 220
3426 152
3428 79
3430 1668
3432 1415
3434 1029
3436 638
3438 1003
3440 818
3442 882
3444 1913
3446 2376
3448 3321
3470 9714
3472 7128
3473 21300
3474 7255
3475 15400
3476 50800
3477 39800
3478 87900
3479 74500
3480 40900
3481 20000
3483 23000
3485 284100
3486 483600
3488 395300
3748 5829
3749 47100
3751 64500
3753 48700
3755 49200
3757 5624
3758 3828
3759 740
3761 202
3763 526
3765 730
3767 91
3769 503
3771 270
3773 524
3775 480
3777 626
3779 566
3781 555
3783 536
3785 505
3787 455
3789 637
3791 544
3793 1150
3795 881
3797 1303
3799 245
3801 713
3803 236
3827 167
3828 236
3829 322
3830 423
3831 143
3832 226
3833 326
3853 846
3867 1396
4081 128200
4087 87000
4089 14000
4091 72300
4093 48200
4095 5845
4097 6020
4099 16900
4101 74300
4103 48700
4105 9338
4107 43300
4109 9007
4111 71400
4113 48500
4115 110500
4117 12700
4119 920
4121 1200
4123 1242
4125 1700
4127 2740
4129 4670
4131 30600
4149 666271
4151 500000
4153 68800
4155 1000
4156 3217
4160 234
4161 1
4162 204
4164 921
4166 524
4168 411
4170 12300
4207 57600
4212 208200
4224 762200
4287 530
4289 478
4291 56
4293 65
4298 18
4300 15
4302 1235
4304 240
4306 35
4308 483
4310 270
4315 1 865
4317 467
4319 170
4321 407
4323 452
4325 112
4327 725
4329 517
4331 461
4333 660
4335 701
4337 671
4339 344
4341 520
4343 927
4345 226
4347 592
4349 827
4351 775
4353 537
4355 590
4357 769
4359 279
4361 531
4363 851
4365 216
4367 1017
4369 979
4371 681
4373 697
4375 457
4377 499
4379 223
4381 449
4383 523
4385 150
4387 709
4389 733
4391 295
4395 506
4397 520
4399 158
4401 448
4403 595
4405 132
4407 752
4409 886
4411 519
4413 795
4417 164
4419 123
4421 83
4423 41
4436 183
4438 17
4440 2
4456 98
4458 38
4460 77
4464 12
4466 12
4468 18
4470 17
4472 16
4474 17
4476 17
4478 42
4480 40
4482 40
4502 50000
4517 952
4522 1426
4525 5
4527 22
4529 206
4535 33
4537 283
4540 14
4542 1
4544 76
4546 225
4548 1354
4551 923
4580 2374
4582 2909
4585 86000
4587 71000
4600 229
4608 293
4621 10820
4627 784
4671 6740
4675 47830
4692 130000
4694 149
4695 113
4696 92
4697 237
4698 354
4699 123
4703 875000
4708 57800
4710 144900
4712 110000
4714 83000
4716 160000
4718 258000
4720 208000
4722 137100
4724 110000
4726 202500
4728 158900
4730 119200
4732 92200
4734 263000
4736 210000
4738 174300
4740 187
4745 148900
4747 171400
4749 190200
4751 152900
4753 120000
4755 190300
4757 300300
4759 135800
4773 71
4778 30
4783 33
4788 68
4793 90
4798 143
4803 196
4812 1385
4819 11
4820 22
4821 41
4822 52
4823 71
4824 154
4825 383
4827 118
4830 7812
4832 8739
4834 18800
4840 1555
4842 660
4844 417
4846 276
4848 140
4850 2139
4860 0
4866 0
4872 0
4878 0
4884 0
4890 0
4896 0
4902 0
4908 0
4914 0
4920 0
4926 0
4932 0
4938 0
4944 0
4950 0
4956 0
4962 0
4968 0
4974 0
4980 0
4986 0
4992 0
4998 0
5001 385
5003 221
5004 3838
5014 409
5016 248
5018 321
5024 755
5026 950
5028 1159
5030 834
5032 1043
5034 1115
5036 831
5038 319
5040 495
5042 767
5044 986
5046 1546
5048 721
5050 1043
5052 1141
5073 497
5075 2831
5078 5262
5096 187
5097 137
5098 287
5099 238
5100 118
5101 268
5102 384
5103 156
5104 248
5105 240
5106 583
5280 185
5281 158
5282 120
5283 110
5284 100
5285 254
5286 680
5287 1298
5288 9900
5289 5148
5290 6700
5291 85
5292 58
5293 74
5294 387
5295 6000
5296 1238
5297 884
5298 2744
5299 2046
5300 26240
5301 1919
5302 5200
5303 7000
5304 15040
5305 234
5306 79
5307 53
5308 109
5309 171
5310 210
5311 350
5312 2
5313 541
5314 6660
5315 11790
5316 31460
5317 3400
5318 15
5319 21
5320 264
5321 2480
5322 870
5323 840
5324 1
5325 319
5329 680
5331 315
5340 438
5341 164
5343 194
5345 13800
5350 4
5352 8
5354 358
5376 1
5386 2481
5396 3237
5406 209
5416 1069
5418 3
5438 522
5458 383
5478 267
5504 120
5516 30600
5521 756
5523 40
5525 10
5527 5
5529 9
5531 7125
5533 1
5535 57
5537 310
5539 11
5541 52
5543 93
5545 70
5547 904
5549 21300
5556 5600
6720 6732
5574 3526
5575 6248
5576 4697
5578 684
5616 120
5617 134
5618 146
5619 157
5620 238
5621 314
5622 1760
5623 1702
5624 1726
5625 1681
5626 206
5627 1487
5628 162
5629 158
5630 167
5631 822
5632 185
5633 220
5634 399
5635 1802
5639 1825
5640 1857
5641 1726
5642 115
5643 116
5644 129
5645 141
5646 184
5647 321
5648 1755
5649 1756
5650 1769
5651 1781
5652 1824
5653 1961
5654 163
5655 164
5656 207
5657 279
5658 137
5659 529
5660 2002
5661 1803
5662 1748
5663 1847
5664 1897
5665 1391
5680 20100
5682 687
5686 6729
5688 8492
5690 8374
5692 7684
5694 8697
5696 8822
5698 25100
5700 8067
5704 860
5706 701
5708 646
5710 893
5712 1586
5714 12800
5716 38600
5718 9059
5720 8900
5722 8845
5724 8916
5726 9842
5728 19900
5730 40400
5734 3394
5736 11600
5739 370
5741 1093
5743 39500
5745 2235
5747 35400
5749 18
5751 784
5753 14200
5755 10002
5757 25800
5759 34
5761 1658
5763 1718
5765 3151
5767 46
5769 37
5771 1645
5773 3204
5775 4762
5777 6031
5779 3095
5781 6103
5783 9111
5785 12200
5787 2418
5789 4750
5791 7081
5793 8688
5795 1404
5797 2721
5799 4038
5801 5337
5803 1673
5805 3259
5807 4845
5809 6309
5811 1298
5813 2510
5815 3721
5817 4934
5819 3178
5821 6269
5823 9360
5825 12000
5827 3235
5829 6383
5831 9531
5833 13000
5835 1127
5837 2168
5839 3209
5841 4082
5843 5524
5845 11000
5847 16400
5849 22100
5851 27300
5853 52300
5855 78300
5857 11270
5859 1697
5861 3307
5863 4917
5865 6528
5867 39300
5869 78400
5871 117600
5873 167100
5875 3032
5877 5977
5879 8922
5881 11900
5883 2125
5885 4163
5887 6201
5889 8240
5891 1315
5893 2543
5895 3771
5897 5000
5899 12000
5901 24000
5903 35900
5905 47900
5907 15600
5909 31100
5911 46600
5913 66300
5915 3672
5917 7258
5919 10800
5921 14400
5923 2966
5925 5845
5927 8724
5929 11600
5931 247
5933 792
5935 1266
5937 5321
5940 9430
5943 3623
5945 5129
5947 3542
5949 1885
5952 2238
5954 2195
5956 1367
5958 916
5968 425
5970 101
5972 9554
5974 971
5976 1004
5978 32
5980 51
5982 82
5984 25
5986 25
5988 4
5992 357
5994 20
5996 7
5998 6
6000 10
6002 77
6004 198
6006 234
6008 245
6010 693
6012 122
6014 210
6016 5712
6018 488
6020 89
6022 20
6024 17
6026 6
6028 9
6030 3
6032 443
6034 1933
6036 171
6038 5583
6041 11800
6043 60
6045 43
6047 42
6049 5157
6051 7950
6055 3
6061 116
6062 1673
6106 102
6107 668
6108 531
6109 327
6110 132
6111 301
6128 22200
6129 37800
6130 37500
6131 36300
6133 10100
6135 8675
6137 38000
6139 26900
6141 24600
6143 2403
6145 3673
6147 35300
6149 1022
6151 2967
6153 104100
6155 1295
6157 8955
6159 34000
6161 34100
6163 7085
6165 15400
6167 13200
6169 26500
6171 463
6173 369
6182 5827
6211 2218
6213 2687
6215 18900
6235 85300
6237 17300
6257 84200
6258 54574
6259 17100
6264 47856
6279 81200
6281 4
6283 3
6285 13
6287 1477
6289 2832
6291 418
6293 199
6295 100
6297 70
6299 82
6305 1
6306 5
6311 8952
6313 254
6315 6968
6317 8047
6319 834
6322 30100
6324 946
6326 2125
6328 13500
6330 8009
6332 878
6333 137
6335 14000
6337 14300
6339 11500
6341 3389
6343 1528
6345 2053
6347 699
6349 1890
6351 3821
6353 1523
6355 2488
6357 992
6359 809
6361 2971
6363 443
6365 2259
6367 1599
6369 937
6371 3371
6373 331
6375 2692
6377 2003
6379 1642
6382 537
6384 281
6386 305
6388 639
6390 308
6392 502600
6394 559810
6396 598300
6398 500340
6400 532040
6402 504530
6404 512030
6406 256
6408 707
6410 700
6412 1122
6414 1099
6416 1819
6418 1897
6420 2022
6470 7652
6472 4450
6474 2782
6476 1392
6522 587
6523 23500
6524 49500
6525 14900
6526 23500
6527 18300
6528 30600
6562 555600
6563 592200
6568 36700
6570 0
6571 453000
6573 376000
6575 114000
6577 310000
6579 303007
6581 267000
6583 202900
6585 415600
6587 594
6589 1432
6591 431
6593 497
6595 982
6597 9181
6599 2045
6601 489
6603 454
6605 897
6607 1233
6609 4655
6611 997
6613 1164
6615 738
6617 4993
6619 1227
6621 752
6623 1570
6625 1470
6627 1984
6629 234
6631 1330
6633 2039
6656 24100
6654 8429
6655 5851
6666 1023400
6667 229
6681 1
6683 19
6685 6210
6687 4520
6689 3070
6691 1520
6693 4732
6697 323
6701 198
6703 703
6705 451
6724 16300
6729 13500
6731 429000
6733 2000000
6735 449100
6737 4400000
6739 800000
6760 5570
6762 10200
6764 7106
6794 148
6809 54700
6812 10200
6814 33
6857 92830
6859 272931
6861 156200
6863 138420
6889 284640
6907 385
6908 17500
6910 67100
6912 964400
6914 173080
6916 440000
6918 380000
6920 74000
6922 40800
6924 260000
6959 112
6962 57
6971 26
6973 50
6975 119
6977 348
6979 325
6981 746
6983 1597
7051 410
7054 401
7056 558
7058 1114
7060 1067
7062 216
7064 128
7066 362
7068 433
7070 19
7072 60
7074 36
7076 34
7078 26
7080 146
7082 408
7084 39
7086 255
7088 148
7110 86
7112 369
7114 1078
7116 102
7122 608
7124 315
7126 212
7128 418
7130 259
7132 503
7134 426
7136 338
7138 110
7158 460000
7159 309
7162 49
7164 59
7166 86
7168 1793
7170 1689
7172 40
7174 67
7176 950
7178 584
7180 291
7182 92
7184 131
7186 1457
7188 237
7190 167
7192 193
7194 643
7196 2088
7198 165
7200 129
7202 60
7204 332
7206 3760
7208 600
7210 363
7212 359
7214 1221
7216 2037
7218 1063
7220 375
7223 36
7224 107
7225 18
7228 154
7230 272
7319 30400
7321 21400
7323 61300
7325 33100
7327 62000
7329 101
7330 110
7331 132
7332 15600
7334 17700
7336 34200
7338 8414
7340 6966
7342 33900
7344 9730
7346 10200
7348 34000
7350 8536
7352 8317
7354 32700
7356 8795
7358 8842
7360 33200
7362 74100
7364 35700
7366 63520
7368 31600
7370 79700
7372 34900
7374 15274
7376 5331
7378 73500
7380 59400
7382 21700
7384 12364
7386 98900
7388 55700
7390 102300
7392 45700
7394 128500
7396 58400
7398 86400
7399 112000
7400 58000
7413 483
7416 8676
7418 9025
7433 27
7435 14
7437 205
7439 1008
7441 868
7443 1823
7445 8497
7447 4665
7449 24800
7451 15200
7453 1000
7454 2000
7455 3000
7456 4000
7457 5000
7458 10000
7459 20000
7460 50000
7461 100000
7462 100000
7521 222
7534 1084100
7566 487
7568 951
7650 414
7652 112
7654 85
7656 58
7658 30
7660 253
7662 196
7664 133
7666 67
7668 1666
7754 1083
7759 2532
7763 2665
7767 2685
7771 3018
7801 3821
7842 4568
7875 6730
7919 179
7934 186
7936 37
7939 3600
7944 257
7946 385
7975 12980
7980 13037
8007 809
8008 784
8009 854
8010 732
8011 1079
8012 1013
8013 922
8014 548
8015 866
8016 561
8017 625
8018 646
8019 548
8020 381
8021 68
8417 2000
8419 5000
8421 12000
8423 20000
8425 30000
8427 60000
8429 100000
8431 2500
8433 6000
8435 15000
8437 5000
8439 10000
8441 15000
8443 20000
8445 25000
8447 50000
8449 100000
8451 5000
8453 10000
8455 15000
8457 5000
8459 10000
8461 15000
8496 1
8498 64
8500 3
8502 2
8504 1
8506 1
8508 6
8510 2
8512 1
8514 17
8516 2
8518 15600
8520 4529
8522 11800
8524 12500
8526 44000
8528 1
8530 1
8532 1
8548 1
8550 1
8552 1
8554 1
8556 245
8558 240
8560 338900
8562 24
8564 166
8566 2
8568 42
8570 1
8572 65
8574 472200
8576 2250
8578 1766
8580 1611
8582 1696
8584 1724
8586 1439
8588 288400
8590 583
8592 877
8594 133600
8596 528
8598 517
8600 181
8602 568
8604 514
8606 418
8608 105500
8610 34
8612 65
8614 1
8616 198
8618 25
8620 98
8622 113000
8778 479
8780 769
8782 2354
8784 140600
8786 37000
8788 956900
8790 1335
8792 1082
8794 131
8837 33
8844 0
8845 0
8846 0
8847 0
8848 0
8849 0
8850 0
8872 2473
8874 2377
8876 2844
8878 12300
8880 1622
8882 19
8901 548700
8921 516200
8924 426
8925 331
8926 296
8927 389
8928 58400
8950 8526
9003 83
9004 11
9026 159
9028 548
9030 159
9032 71
9034 935
9036 91
9038 186
9040 375
9042 145
9044 1100000
9050 1100000
9052 59
9075 150
9140 38
9141 68
9142 93
9143 123
9144 436
9145 10
9174 18
9177 32
9179 116
9181 364
9183 1040
9185 9907
9187 1
9188 1
9189 2
9190 97
9191 142
9192 787
9193 5044
9194 7749
9236 19
9238 53
9239 53
9240 112
9241 275
9242 468
9243 1258
9244 2128
9245 884
9287 62
9288 100
9289 140
9290 260
9291 905
9292 31
9294 159
9295 191
9296 225
9297 330
9298 991
9299 128
9301 1709
9302 1742
9303 1470
9304 1191
9305 1599
9306 1768
9336 73
9337 98
9338 246
9339 413
9340 1113
9341 5974
9342 868
9375 11
9377 20
9378 57
9379 116
9380 255
9381 1344
9382 3
9416 422
9418 915
9419 1116
9420 74
9423 56
9425 95
9427 366
9429 1584
9431 9516
9434 103
9436 261
9438 136
9440 6
9442 7
9444 15
9446 22
9448 16
9450 44
9452 135
9454 23
9457 36
9459 126
9461 337
9463 902
9465 9633
9469 6208
9470 118000
9472 84800
9475 607
9594 12838
9629 1420
9634 1319
9636 1255
9638 1365
9640 344
9642 328
9644 328
9666 28800
9668 22900
9670 26900
9672 4643
9674 7091
9676 6019
9678 5936
9729 97
9731 7345
9733 1697
9735 714
9736 2841
9739 1720
9741 3000
9743 2000
9745 1000
9843 14
9844 154
9845 62
9846 105900
9847 326000
9848 991900
9849 44
9850 264
9851 26
9852 149
9853 2
9854 210
9855 42
9856 84
9857 130400
9858 336600
9859 27
9860 52
9861 87
9862 37
9863 222
9864 62
9865 84
9866 188
9867 61
9976 284
9978 257
9980 23
9984 125
9986 110
9988 50
9992 95
9994 302
9996 167
9998 269
10000 219
10002 183
10004 101
10006 100
10008 300
10010 16
10012 210
10014 181
10016 309
10018 186
10020 1042
10025 756
10029 1
10031 1
10033 391
10034 800
10035 359
10037 355
10039 9034
10041 70000
10043 80000
10045 100000
10047 354
10049 221
10051 7132
10053 1777
10055 2355
10057 487
10059 443
10061 768
10063 1048
10065 5689
10067 6084
10069 740
10071 1554
10075 2350
10077 48
10079 1432
10081 1958
10083 2031
10085 3950
10087 5
10088 8
10089 13
10090 30
10091 12
10093 969
10095 1561
10097 47
10099 1320
10101 37
10103 1410
10105 230
10107 2223
10109 804
10111 4897
10113 137
10115 398
10117 1807
10119 10
10121 1888
10123 165
10125 18
10127 85
10129 76
10132 1046
10134 921
10136 104
10138 290
10142 31
10143 13
10144 65
10145 102
10146 65
10147 13
10148 147
10149 1831
10150 1
10156 1105
10158 39
10159 261
10280 395
10282 923
10284 1322
10286 34800
10288 33100
10290 32900
10292 31300
10294 30800
10296 34300
10298 21300
10300 17800
10302 16900
10304 15200
10306 28100
10308 22500
10310 18500
10312 16300
10314 15100
10316 18900
10318 32000
10320 18900
10322 21000
10324 18200
10326 217
10327 213
10330 423000
10332 313000
10334 720000
10336 550000
10338 503000
10340 257000
10342 406000
10344 144000
10346 225900
10348 317500
10350 433000
10352 761000
10354 28130
10362 25240
10364 80620
10366 14170
10368 17200
10370 51610
10372 45500
10374 42300
10376 13051
10378 43600
10380 32300
10382 32600
10384 36800
10386 95700
10388 42400
10390 33400
10392 64700
10394 138500
10396 94500
10398 175000
10400 500000
10402 500000
10404 250000
10406 250000
10408 250000
10410 250000
10412 250000
10414 250000
10416 250000
10418 250000
10420 500000
10422 500000
10424 250000
10426 250000
10428 250000
10430 250000
10432 250000
10434 250000
10436 250000
10438 250000
10440 2870
10442 2902
10444 2945
10446 100000
10448 100000
10450 100000
10452 195700
10454 133000
10456 243500
10458 183600
10460 273600
10462 127100
10464 283800
10466 232700
10468 420800
10470 23300
10472 6693
10474 35700
10476 15000
10499 18000
10564 122900
10589 28100
10605 440000
10606 6373
10808 2498
10810 74
10812 57
10814 115
10816 66
10818 244
10820 372
10822 202
10824 173
10826 279
10828 40200
10891 668
10909 8665
10911 6500
10913 4335
10915 2168
10917 8665
10919 6500
10921 4335
10923 2168
10925 26700
10927 22100
10929 14300
10931 7145
10937 2986
10952 158
10954 1427
10956 437
10958 725
10973 112
10976 972
10977 1280
10978 425
10981 660
11037 77100
11061 3143
11065 250
11069 242
11072 587
11074 660
11076 845
11079 1049
11083 1424
11085 1304
11088 1439
11090 8211
11092 4044
11095 9106
11103 4259
11105 17900
11113 15900
11115 48200
11118 49900
11126 44700
11128 400000
11130 791500
11133 127100
11159 1
11200 43200
11205 26
11212 2104
11217 1967
11222 2036
11227 1836
11228 1919
11229 3059
11230 260
11231 433
11232 446
11233 489
11234 1566
11235 286600
11237 1888
11238 252
11240 323
11242 542
11244 832
11246 1047
11248 1332
11250 1876
11252 2380
11254 3107
11256 4791
11260 1082
11262 1321
11264 923
11266 68
11280 627200
11283 0
11284 0
11286 0
11324 8
11326 401
13263 1820000
11328 13
11330 8
11332 238
11334 1
11335 1000002
11367 215
11369 28
11371 83
11373 372
11375 1094
11377 12300
11379 290
11382 775
11384 8974
11386 99
11389 584
11391 8783
11393 151
11396 636
11398 8835
11400 440
11403 925
11405 9124
11407 1154
11410 1639
11412 9838
11414 12300
11417 12800
11419 19700
11429 27
11431 16
11433 1041
11435 545
11437 261
11439 131
11441 171
11443 317
11445 595
11447 313
11449 38
11451 22
11453 401
11455 209
11457 1448
11459 794
11461 682
11463 385
11465 3295
11467 2019
11469 883
11471 546
11473 1689
11475 957
11477 164
11479 85
11481 1128
11483 549
11485 1846
11487 1141
11489 841
11491 415
11493 5143
11495 2978
11497 128
11499 77
11501 2257
11503 1119
11505 3110
11507 1382
11509 3881
11511 1521
11513 2441
11515 1689
11517 166
11519 84
11521 696
11523 339
11525 5420
11656 334
11686 0
11688 0
11690 0
11692 0
11694 0
11696 0
11698 0
11700 0
11702 0
11704 0
11706 0
11708 0
11710 0
11712 0
11714 0
11716 310000
11718 0
11720 0
11722 0
11724 0
11726 0
11728 0
11730 0
11732 317200
11736 17710
11738 16230
11814 513
11816 417
11818 1812
11820 1712
11822 4009
11824 3545
11826 17400
11828 14700
11830 9153
11832 11000
11834 22700
11836 23500
11838 135200
11840 139500
11842 540000
11844 530000
11846 540000
11848 830000
11850 450000
11852 580000
11854 210000
11856 3800000
11858 3478000
11860 726000
11862 1228000
11864 9065
11866 10400
11868 19800
11870 20200
11872 162900
11874 1280000
11876 214400
11878 425700
11880 303400
11882 160000
11884 110000
11886 318700
11888 261800
11890 845700
11892 670100
11894 878200
11896 895300
11898 1700000
11900 1600000
11902 431000
11904 1500000
11906 4700000
11908 100200
11910 243800
11912 354400
11914 1200000
11916 12700
11918 52400
11920 326000
11922 736600
11924 995000
11926 1400000
11928 4000000
11930 2500000
11932 1300000
11934 3800000
11936 2400000
11938 5300000
11940 2900000
11942 199700
11944 92900
11946 295400
11960 411300
11962 221500
11967 725800
12007 363
12009 108
12011 642
12013 656
12015 1023
12017 1044
12019 339
12021 73
12023 201
12025 1218
12027 194
12029 669
12029 669
12031 1571
12033 204
12035 412
12037 360
12039 1444
12041 154
12043 152
12045 923
12047 105
12049 663
12051 1007
12053 522
12055 271
12057 777
12059 202
12061 143
12063 724
12065 482
12067 185
12069 421
12071 167
12073 119
12075 178
12077 242
12079 669
12081 981
12083 2795
12085 559
12087 488
12089 505
12091 383
12093 401
12095 788
12097 817
12099 827
12101 710
12103 852
12105 836
12107 811
12109 4261
12111 1383
12113 1484
12115 1274
12117 1355
12119 1194
12121 1350
12123 346
12125 150
12127 230
12129 1
12130 526
12134 1089
12136 173
12138 18
12140 4097
12142 2841
12144 1836
12146 1346
12148 182
12153 6750
12155 2
12156 590
12161 567
12162 860
12164 434
12165 391
12166 456
12167 412
12168 1004
12172 3916
12174 3929
12176 656
12181 3766
12183 24
12204 42
12207 413
12210 137
12213 685
12216 150
12219 127
12222 171
12422 91
12423 270
12424 142
12425 15
12426 88
12427 485
12428 62
12429 95
12430 204
12431 14
12432 70
12433 94
12434 281
12435 504
12436 163
12437 434
12438 203
12439 331
12440 47
12441 25
12442 169
12443 613
12444 137
12445 6
12446 285
12447 90
12448 114
12449 210
12450 201
12451 13
12452 10
12453 191
12454 123
12455 183
12456 14
12457 136
12458 87
12459 10
12460 46
12461 124
12462 157
12463 185
12464 184
12465 194
12466 198
12467 162
12468 163
12531 196
12533 5
12535 9814
12539 3634
12559 949
12561 234
12563 340
12565 307
12567 1414
12568 2161
12570 283
12572 7
12574 18
12576 5
12581 450
12583 2220
12588 5
12590 12
12608 202
12622 171
12776 1606
12778 356
12780 401
12782 858
12784 1356
12786 1892
12788 870
12790 1059
12792 1122
12794 840
12796 642
12798 310
12800 260
12802 2154
12804 2223
12806 3460
12808 525
12810 1220
12812 1050
12814 346
12816 194
12818 351
12820 315
12822 444
12824 362
12825 567
12826 243
12827 378
12828 332
12829 145
12830 137
12831 336
12832 183
12833 283
12834 93
12835 282
12836 2099
12837 285
12838 4
12839 70
12840 189
12841 160
12866 62000
12871 1
12873 93400
12878 17400
12880 74000
12885 1
12892 1
12899 1
12906 1
12913 1
12920 1
12927 1
12934 1
12941 1
12948 1
12955 1
12962 1
12969 1
12976 1
12983 1
12986 1677
12989 11500
12992 18900
12995 29300
12998 38200
13001 49600
13004 88200
13007 200000
13081 335
13083 81
13084 118
13085 211
13086 1851
13095 105100
13097 14000
13099 11400
13101 127500
13103 48600
13105 77700
13107 612800
13109 962200
13111 662600
13113 120000
13115 170000
13245 10000
13278 96
13279 87
13280 81
13281 20000
13282 18000
13283 16000
13284 14000
13285 12000
13286 10000
13287 8000
13288 5000
13290 32300
13337 4186
13355 128
13358 2572
13360 5386
13362 197
13364 3564
13366 719
13368 222
13370 684
13372 1022
13374 214
13431 10
13433 10
13435 13
13563 171
13663 124354
13734 97800
13736 17000
13738 800000
13740 800000
13742 800000
13744 800000
13746 0
13748 0
13750 0
13752 0
13754 138000
13858 173530
13861 161350
13864 175200
13867 126080
13870 199790
13873 238850
13876 162900
13879 2706
13880 1024
13881 981
13882 2105
13883 5015
13884 220000
13887 241000
13890 180000
13893 190400
13896 191000
13899 201000
13902 219000
13905 240000
13908 102800
13911 129000
13914 92500
13917 84000
13920 78032
13923 94000
13926 98000
13929 94950
13932 86300
13935 66250
13938 63800
13941 74010
13944 148850
13947 101736
13950 86500
13953 1620
13954 12600
13955 10500
13956 16700
13957 2800
13958 61130
13961 20650
13964 37440
13967 31620
13970 33550
13973 27500
13976 11700
13979 23000
13982 15000
13985 11900
13988 20900
14472 0
14474 0
14476 0
14478 1000000
14479 0
14484 0
14490 48300
14492 54700
14494 31800
14497 92100
14499 59400
14501 130000
14525 335200
14527 162100
14529 467000
14531 416000
14616 2300
14622 205
14623 1883
14641 50000
14642 50000
14678 4678
14679 25200
14684 3000000
14793 14000
14836 2191
14838 1389
14840 1194
14842 932
14844 547
14846 111
14848 87
14850 63
14852 45
14854 2311
14856 2082
14859 95
14870 146
14876 5000000
14877 1000000
14878 750000
14879 500000
14880 400000
14881 300000
14882 250000
14883 200000
14884 150000
14885 100000
14886 75000
14887 50000
14888 40000
14889 30000
14890 20000
14891 10000
14892 5000
15033 824000
15034 1003500
15035 723000
15036 703500
15037 412600
15038 416400
15039 1656020
15040 2010450
15041 1402080
15042 1404030
15043 801060
15044 845070
15104 182718
15119 243
15121 259
15123 94
15126 587400
15134 12873
15188 476
15202 17320
15237 50000
15239 85000
15241 221000
15243 233
15259 1000000
15262 300000
15263 475
15264 1495
15266 1278
15270 1836
15272 1210
15386 64200
15441 800000
15442 800000
15443 800000
15444 800000
15486 0
15488 50200
15490 347600
15503 72800
15505 64100
15507 60400
15509 105000
15511 60300
15513 1710
15515 6123
15517 8120
15600 440000
15604 260000
15606 440000
15610 260000
15612 440000
15616 260000
15618 440000
15622 260000
15701 286600
15702 286600
15703 286600
15704 286600
18016 25
18691 12000
18693 5633
18695 4262
18697 40400
18699 9087
18830 14200
18832 14200
19143 0
19146 0
19149 0
19152 720
19157 701
19162 850
19167 132800
19169 66100
19171 19300
19173 129100
19175 64500
19177 22800
19179 45800
19182 45500
19185 38600
19188 127200
19190 56600
19192 18500
19194 128000
19196 57600
19198 20600
19200 39800
19203 40000
19206 38300
19209 137300
19211 63800
19213 20700
19215 125200
19217 68000
19219 20800
19221 39200
19224 39200
19227 38200
19230 122500
19232 64400
19234 19000
19236 129900
19238 65000
19240 21700
19242 39200
19245 39400
19248 38800
19251 118200
19253 62400
19255 18200
19257 136200
19259 63000
19261 27700
19263 43000
19266 39000
19269 38100
19272 41090
19275 20690
19278 19600
19281 73720
19284 110000
19287 170000
19290 1960000
19293 1520000
19296 710000
19299 680000
19302 730000
19305 660000
19308 2700000
19311 8860000
19314 1014000
19317 1576000
19320 763000
19323 170000
19325 257300
19327 305400
19329 325300
19331 227600
19333 260000
19336 5218000
19337 2560500
19338 1414060
19339 1435600
19340 1020170
19346 589900
19348 650000
19350 740000
19352 180000
19354 242000
19356 190000
19358 11000
19360 456300
19362 124500
19364 81800
19366 118500
19368 370400
19370 380300
19372 312600
19374 50900
19376 44600
19378 46600
19380 292800
19382 286300
19384 129900
19386 234700
19388 136100
19390 285200
19392 601300
19394 345600
19396 311600
19398 505100
19401 203300
19404 193000
19407 314200
19410 321400
19413 486300
19416 230300
19419 108900
19422 407200
19425 408700
19428 517900
19431 258800
19434 108900
19437 400800
19440 386900
19443 120700
19445 140000
19447 706000
19449 215700
19451 368800
19453 729200
19455 364900
19457 264700
19459 902900
19461 280000
19463 180000
19465 699900
19475 2026
19476 26000
19477 6011
19478 601
19479 4248
19480 4145
19520 33610
19522 28290
19524 30470
19526 29580
19528 29130
19530 25050
19532 22180
19534 24480
19536 23300
19538 22360
19540 34430
19542 28300
19544 30290
19546 29370
19548 30550
19550 27190
19552 22780
19554 23770
19556 23420
19558 25330
19560 31060
19562 22560
19564 22540
19566 22610
19568 26320
19570 19920
19572 17840
19574 17760
19576 17420
19578 18390
19580 430000
19582 30000
19584 70000
19586 70000
19588 40000
19590 50000
19592 30000
19594 60000
19596 10000
19598 30000
19600 28950
19601 23430
19602 30690
19603 31360
19604 47090
19605 23339
19606 33518
19607 43998
19608 18467
19609 26321
19610 34586
19611 45423
19621 35
19622 1663
19780 0
19830 16
19922 54
19927 55
19932 55
19965 80
19967 2457
19994 1
19996 15
20052 79
20053 163
20070 1737
20072 0
20135 0
20139 0
20143 0
20147 0
20151 0
20155 0
20159 0
20163 0
20167 0
20268 864
20671 5000000
20949 480000
20950 480000
20951 480000
20952 480000
21258 480000
21260 480000
21262 480000
21264 480000
21365 3850
21526 24610
17291 200000
21630 18737
22207 250000
22209 250000
22211 250000
22213 250000
1038 1000003
1040 1000003
1042 1000003
1044 1000003
1046 1000003
1048 1000003
1053 1000003
1055 1000003
1057 1000003
1050 1000003
19780 1000002
20671 1000002
20135 1000002
20139 1000002
20143 1000002
20147 1000002
20151 1000002
20155 1000002
20159 1000002
20163 1000002
20167 1000002
6570 1000001
19143 1000001
19146 1000001
19149 1000001
8844 1000001
8845 1000001
8846 1000001
8847 1000001
8848 1000001
8849 1000001
8850 1000001
20072 1000002
20135 1000002
20139 1000002
20143 1000002
20147 1000002
20151 1000002
20155 1000002
20159 1000002
20163 1000002
20167 1000002
13746 1000002
13748 1000002
13750 1000002
13752 1000002
13738 1000002
13740 1000002
13742 1000002
13744 1000002
11694 1000002
11696 1000002
11698 1000002
11700 1000002
11702 1000001
11704 1000001
11706 1000001
11708 1000001
11686 1000001
11688 1000001
11690 1000001
11692 1000001
11710 1000001
11712 1000001
11714 1000001
15486 1000001
11730 1000001
11718 1000002
11720 1000002
11722 1000002
11724 1000002
11726 1000002
11728 1000002
11286 1000002
11283 1000002
14472 1000001
14474 1000001
14476 1000001
14479 1000001
14484 1000002
20084 3000000
20147 1000003
20149 1000003
20151 1000003
20153 1000003
20155 1000003
20157 1000003
20159 1000003
20161 1000003
20163 1000003
20165 1000003
20167 1000003
20169 1000003
20135 1000003
20137 1000003
20139 1000003
20141 1000003
20143 1000003
20145 1000003
21083 272
21773 502
21787 1000003
21790 1000003
21793 1000003